True, 15, 40, 0.02
Epoch: 0 loss: 123.87519985834757 acc: 0.1005166666666666
Epoch: 1 loss: 121.0941845258077 acc: 0.09916666666666658
Epoch: 2 loss: 121.16109342575074 acc: 0.09958333333333327
