False, 15, 40, 0.0001
Epoch: 0 loss: 98.59665298461914 acc: 0.0972727272727273
Epoch: 1 loss: 89.33665951815519 acc: 0.0972727272727273
