False, 15, 20, 40, 0.0001
Epoch: 0 loss: 87.24228372573853 accuracy: 0.10739999999999991
Epoch: 1 loss: 67.81979363759359 accuracy: 0.10639999999999986
